,q95cell_abundance_w_sf_Olig,q95cell_abundance_w_sf_astrocytes,q95cell_abundance_w_sf_eNeuron,q95cell_abundance_w_sf_endo_mural,q95cell_abundance_w_sf_iNeuron,q95cell_abundance_w_sf_microglia
0,0.013299893689777655,0.27061096406581653,0.019840187592589032,0.5695076241037359,0.01674329383223402,0.10999803671584699
1,0.05050809292672116,0.25666011655026694,0.012763161948619536,0.3014877922145019,0.12896645929520048,0.24961437706469003
2,0.05237531274015775,0.3850273458844487,0.02210176043634303,0.1951344285456699,0.060364905390098936,0.28499624700328174
3,0.04162794207038062,0.31466868021990385,0.02644544535035806,0.12882771865061918,0.1475741661693757,0.34085604753936266
7,0.041745530501844416,0.10671002967815255,0.16524310389199717,0.22826746928190073,0.0745670011829724,0.3834668654631327
8,0.0481790358620414,0.1895628658041057,0.09204297175846601,0.20699003142065245,0.11447659565762519,0.3487484994971093
9,0.06736369810669224,0.13958718778189427,0.12767191667076697,0.19197811887310698,0.10279647351633331,0.3706026050512063
10,0.048492939104200945,0.14037612768431437,0.16307347892137808,0.16015526112940726,0.13511893843870926,0.3527832547219901
14,0.03998703012237476,0.13378463287901501,0.17487317396325064,0.14775891896052812,0.10000868736084993,0.4035875567139815
15,0.0435214155575233,0.12479519329745134,0.16401709515958643,0.18140143719563498,0.09221002196359918,0.39405483682620485
16,0.04682355803058897,0.12760504721804186,0.18690565510640228,0.16621363208360196,0.08618370062634156,0.3862684069350234
17,0.044028204216113136,0.1389904161980561,0.19445273978493138,0.17493695530195735,0.08814133436246176,0.35945035013648025
21,0.04467320525033789,0.13523729293107561,0.18666282391752378,0.17363511495504083,0.06875885621595973,0.39103270673006213
22,0.040471051795448736,0.12138543492695208,0.19084252529214035,0.1623078896409964,0.08813864990615951,0.3968544484383029
23,0.043547351136623294,0.12427079577614245,0.177048367386581,0.1600938272629464,0.10029621332109513,0.3947434451166117
24,0.04442246716040684,0.11075244085392989,0.24582223588430538,0.14899875621960704,0.07557822558249934,0.37442587429925145
28,0.04567761639101474,0.17942518237399863,0.16122921772342846,0.1555369744772119,0.08923861644667588,0.3688923925876705
29,0.03845673774032054,0.13047459861223723,0.18246818913220092,0.17459318295179618,0.0892040131149555,0.38480327844848966
30,0.05109792378128012,0.11098936983671895,0.22123677225468755,0.18900795892919614,0.08762165844659738,0.3400463167515199
31,0.0162877408827809,0.10200263080619912,0.2565185186936732,0.2892862972314971,0.06017580576254944,0.2757290066233003
35,0.04852178497306396,0.09116104805605485,0.19819315298051274,0.21134579502077738,0.09460190646495682,0.3561763125046342
36,0.03933788475673115,0.12458147386211427,0.2235697334157376,0.18050608944119806,0.07801405938585408,0.353990759138365
37,0.027204772152436153,0.13158037041328197,0.24415947598348356,0.1488453730938554,0.06916779495500912,0.3790422134019338
38,0.03084046109077747,0.25174580721888545,0.23928809018999694,0.11425813066692922,0.07138341108518662,0.2924840997482244
42,0.03423673240415119,0.15712945771342807,0.19606590334192323,0.1470710919368325,0.09197877543644514,0.3735180391672199
43,0.04458576453520844,0.14789363948419257,0.1775236962764887,0.15913807708284117,0.09875459860293453,0.37210422401833443
44,0.04350730322979709,0.12383732335664091,0.23619851491196645,0.16326131745962957,0.07768892318827927,0.35550661785368676
45,0.03769775238138148,0.13835834290338725,0.2592612504851456,0.16776397577271235,0.07881609962104015,0.31810257883633314
49,0.05069605064199566,0.12330094377629923,0.18192243938123182,0.14960476316103397,0.13980540191198523,0.354670401127454
50,0.05362522336077268,0.11836360422505256,0.15319355933028062,0.18072525410835402,0.12872938459524078,0.3653629743802994
51,0.07291230304949409,0.12969885963651206,0.189445751399462,0.18869075788422598,0.12080824742133263,0.2984440806089733
52,0.048848496667567486,0.1525936333706385,0.23722731646438505,0.11325096933052602,0.16739731615357414,0.2806822680133088
56,0.05540586519095621,0.13508579066241913,0.2015956473643152,0.17346375106591733,0.10596707538423612,0.3284818703321561
57,0.05220690378683125,0.13766757311943514,0.1971958794450299,0.14504359598763547,0.1130076588540558,0.35487838880701256
58,0.04194388312841709,0.18549122635465515,0.20458771369030512,0.1348907662330935,0.10998760525434684,0.3230988053391824
59,0.02950941855488955,0.12591520851210175,0.2628800777897193,0.12538692733763318,0.1612196772052582,0.29508869060039805
63,0.04820767074273152,0.12246004366907752,0.20930012012706853,0.19743760256919407,0.08586437008219601,0.3367301928097323
64,0.04111974912140068,0.14036684279457354,0.22978924650726731,0.14346251885178618,0.09926756529295253,0.3459940774320199
65,0.04191617546512625,0.15748892473908463,0.25290873872785635,0.14089077684591733,0.09069432228951028,0.31610106193250526
66,0.044885377788912044,0.1005511644223502,0.2552227417947371,0.11925762323324632,0.1584002529847493,0.32168283977600504
70,0.10602301297076958,0.11122323040210255,0.19974449193067403,0.13808051389808956,0.08819855482356227,0.35673019597480204
71,0.04066906526432979,0.13404328841821045,0.18011626696793645,0.24153662883971078,0.08835379880860139,0.3152809517012111
72,0.10162496956227089,0.1615281220457648,0.2108469243356023,0.13362951584227675,0.08886302566649731,0.3035074425475879
73,0.05005823007816549,0.15573810325422227,0.11802236507692766,0.12474035924642406,0.22003491121233534,0.3314060311319252
77,0.03976604077366548,0.11641800828235976,0.19992497802208295,0.17372414132373679,0.1112266595601268,0.35894017203802825
78,0.04053361879573342,0.10928376471564087,0.18219129408583584,0.19659617513305025,0.10265682667920423,0.36873832059053546
79,0.044282735355825414,0.10825933613784725,0.23358754816842514,0.15299565103866458,0.09526609622626973,0.3656086330729679
80,0.04267429393818954,0.17024140320624725,0.23798349857798623,0.14764674426230054,0.0829913946235837,0.31846266539169266
81,0.06309440912522273,0.12362361801428992,0.1833412690125702,0.17083701960455303,0.08623230982693021,0.3728713744164339
82,0.04417931123285261,0.12542251493753362,0.2551933766661337,0.12735807496346108,0.08415314664205513,0.3636935755579638
83,0.03815432056717848,0.2252962539490824,0.2610807664379961,0.09499398151760612,0.09171834036235685,0.2887563371657801
84,0.0890580420024216,0.14803139229507262,0.17672567709871292,0.1445561043343679,0.09408264069007669,0.3475461435793483
85,0.049116782039239866,0.1533127334980192,0.1681667575528813,0.17672312520172373,0.11329471981875705,0.33938588188937885
86,0.08174407624402681,0.12290157406348695,0.2208942694718382,0.14974867292988642,0.07366920052215621,0.3510422067686053
87,0.0505520735391543,0.16178955501818557,0.17378711242858547,0.17400589756120147,0.08468866940813803,0.3551766920447353
88,0.044335412362532425,0.16117781626912075,0.16458977789335835,0.15634453317531477,0.12103373677060508,0.3525187235290686
89,0.11028820893007135,0.1120792891360183,0.15173051502194984,0.13870830633475842,0.11973578719144368,0.36745789338575846
90,0.04762510224949668,0.12580995546323065,0.2513205200294851,0.15175427290614127,0.08074432385203247,0.34274582549961385
91,0.25860998701408133,0.09179377922318725,0.13296083049220891,0.11531787426718312,0.07551432255422327,0.3258032064491162
92,0.06597380796413535,0.10211740763119774,0.19019422120470436,0.15347613904539217,0.11912278449078269,0.36911563966378774
93,0.048879329689993395,0.18192990327051545,0.20099367263352172,0.15681748853903257,0.08222214467184301,0.3291574611950937
94,0.07295019280686972,0.149427292132667,0.15464084752881194,0.17659349543105565,0.09807027711078622,0.3483178949898094
95,0.0870097708720673,0.1419350208480391,0.1716286589122673,0.14979055953132395,0.09097156149222564,0.35866442834407664
96,0.044062982481481903,0.12490501884434625,0.1793797649094101,0.2065861762625724,0.08111369777978258,0.36395235972240686
97,0.04922938078921661,0.20084187198586312,0.20802238856427446,0.13733292204534528,0.09595174842218891,0.30862168819311164
101,0.07262807700088683,0.17157862796672177,0.1050393570493991,0.2381186679493532,0.08020532236844163,0.3324299476651975
102,0.13458461878653505,0.1315891100076518,0.1282934188183382,0.1520477872025549,0.09741844337226355,0.3560666218126564
103,0.16800704502419245,0.14500056342104561,0.1225461858229876,0.14057230421854192,0.09231082889452674,0.33156307261870577
104,0.09808660857008225,0.5378288267270391,0.020217053915557497,0.2267077907372612,0.032230573484350176,0.08492914656570984
109,0.33910099382269415,0.2661865908433658,0.007862750428274468,0.12062609756456977,0.051964714612154544,0.2142588527289413
110,0.45904223662629345,0.09874928879846659,0.01572395274584407,0.07686794731225877,0.05152165054675363,0.2980949239703834
